Locus	Chromosome	Allele	Q1	Q2	AverageCoverage	CoverageFirstDecile	MinimumCoverage	proportionkMersCovered	LocusAvgColumnError	NColumns_UnaccountedAllele_fGT0.2	perfectG
A	1	A*03:01:01G	1	-5	183.87	143	120	1	4.16434e-05	0	1
A	2	A*68:39	0.0662101	-5	183.87	143	120	0.958848	4.16434e-05	0	1
B	1	B*35:03:01G	1	-29	22.9611	7	5	0.958848	0.00223541	0	1
B	2	B*18:29	0.999998	-29	22.9611	7	5	1	0.00223541	0	1
C	1	C*04:01:13	1	-145	15.9029	5	5	0.936214	0.0114622	0	1
C	2	C*05:01:01G	0.965214	-145	15.9029	5	5	0.99177	0.0114622	0	1
DQA1	1	DQA1*05:01:01G	0.999296	-2	27.4056	1	1	0.939815	0.000293083	0	1
DQA1	2	DQA1*05:01:01G	0.665962	-2	27.4056	1	1	0.939815	0.000293083	0	1
DQB1	1	DQB1*03:01:01G	1	-4	104.793	54	47	1	0.000141373	0	1
DQB1	2	DQB1*02:05	0.0499983	-4	104.793	54	47	0.895833	0.000141373	0	1
DRB1	1	DRB1*03:01:01G	1	-0	113.956	81	70	1	0	0	1
DRB1	2	DRB1*11:02:01	1	-0	113.956	81	70	1	0	0	1
DPA1	1	DPA1*01:03:01G	1	-0	148.122	108	68	1	0	0	1
DPA1	2	DPA1*02:02:02	1	-0	148.122	108	68	1	0	0	0
DPB1	1	DPB1*01:01:01G	1	-5	303.871	270	252	1	0	0	1
DPB1	2	DPB1*02:01:02G	1	-5	303.871	270	252	1	0	0	1
DRB3	1	DRB3*02:02:01G	1	-0	206.289	159	128	1	0	0	1
DRB3	2	DRB3*02:02:01G	1	-0	206.289	159	128	1	0	0	1
DRB4	1	DRB4*03:01N	1	-0	11	11	11	-1	0	0	1
DRB4	2	DRB4*03:01N	0.995625	-0	11	11	11	-1	0	0	1
E	1	E*01:03:02G	1	-0	293.575	217	169	1	0	0	1
E	2	E*01:03:02G	1	-0	293.575	217	169	1	0	0	1
F	1	F*01:01:01G	1	-0	310.516	264	202	1	0	0	1
F	2	F*01:01:01G	1	-0	310.516	264	202	1	0	0	1
G	1	G*01:01:01G	1	-1	320.355	255	215	1	5.7171e-06	0	1
G	2	G*01:01:02G	1	-1	320.355	255	215	1	5.7171e-06	0	1
