Locus	Chromosome	Allele	Q1	Q2	AverageCoverage	CoverageFirstDecile	MinimumCoverage	proportionkMersCovered	LocusAvgColumnError	NColumns_UnaccountedAllele_fGT0.2	perfectG
A	1	A*03:01:01G	1	-7	224.704	176	128	1	2.04454e-05	0	1
A	2	A*68:39	0.0647778	-7	224.704	176	128	0.934156	2.04454e-05	0	1
B	1	B*35:03:01G	1	-27	26.1841	10	8	1	0.00182506	0	1
B	2	B*18:29	1	-27	26.1841	10	8	1	0.00182506	0	1
C	1	C*04:01:01G	1	-125	28.3526	9	6	1	0.00534759	0	1
C	2	C*05:01:01G	0.999327	-125	28.3526	9	6	0.971193	0.00534759	0	1
DQA1	1	DQA1*05:01:01G	1	-0	33.8112	3	2	1	0	0	1
DQA1	2	DQA1*05:01:01G	0.99223	-0	33.8112	3	2	1	0	0	1
DQB1	1	DQB1*03:01:01G	1	-1	120.83	57	42	1	0	0	1
DQB1	2	DQB1*02:01:01G	0.142857	-1	120.83	57	42	1	0	0	1
DRB1	1	DRB1*03:01:01G	1	-1	157.225	121	105	1	2.31283e-05	0	1
DRB1	2	DRB1*11:02:01	1	-1	157.225	121	105	1	2.31283e-05	0	1
DPA1	1	DPA1*01:03:01G	1	-0	161.22	137	61	1	0	0	1
DPA1	2	DPA1*02:02:02	1	-0	161.22	137	61	1	0	0	0
DPB1	1	DPB1*01:01:01G	1	-4	322.689	285	237	1	0	0	1
DPB1	2	DPB1*02:01:02G	1	-4	322.689	285	237	1	0	0	1
DRB3	1	DRB3*02:02:01G	1	-0	251.744	188	158	1	0	0	1
DRB3	2	DRB3*02:02:01G	1	-0	251.744	188	158	1	0	0	1
DRB4	1	DRB4*03:01N	1	-0	4	4	4	-1	0	0	1
DRB4	2	DRB4*03:01N	0.64	-0	4	4	4	-1	0	0	1
E	1	E*01:03:02G	1	-0	358.784	304	246	1	0	0	1
E	2	E*01:03:02G	1	-0	358.784	304	246	1	0	0	1
F	1	F*01:01:01G	1	-0	385.165	334	256	1	0	0	1
F	2	F*01:01:01G	1	-0	385.165	334	256	1	0	0	1
G	1	G*01:01:01G	1	-0	365.117	295	270	1	0	0	1
G	2	G*01:01:02G	1	-0	365.117	295	270	1	0	0	1
